Date,Low,High,Close,Open
2014-05-22,20.24,22.8,20.9,21.75
2014-05-23,19.94,21.25,20.1,21.25
2014-05-27,20.25,22.98,22.97,20.28
2014-05-28,22.8,25.3,24.78,22.98
2014-05-29,24.24,25.69,25.4,25.04
2014-05-30,23.79,25.56,25.0,25.27
2014-06-02,24.07,25.44,24.6,25.4
2014-06-03,24.03,25.25,25.1,24.17
2014-06-04,24.44,25.28,24.54,24.99
2014-06-05,24.6,26.75,25.78,24.8
2014-06-06,26.31,27.04,26.58,26.5
2014-06-09,26.58,29.09,28.43,27.0
2014-06-10,27.7,28.86,28.35,28.82
2014-06-11,28.1,29.49,29.0,28.1
2014-06-12,26.34,29.6,27.17,29.59
2014-06-13,27.13,28.2,27.79,27.68
2014-06-16,26.38,27.44,26.89,27.22
2014-06-17,26.63,27.45,27.019,27.22
2014-06-18,26.03,27.89,26.52,27.44
2014-06-19,25.8,27.0,25.83,27.0
2014-06-20,24.92,25.97,25.45,25.75
2014-06-23,25.1,26.46,26.37,25.11
2014-06-24,26.51,27.34,27.04,26.51
2014-06-25,26.45,27.35,27.07,27.25
2014-06-26,26.81,28.35,28.3,27.14
2014-06-27,27.71,28.5,28.01,28.36
2014-06-30,27.68,28.53,28.51,28.17
2014-07-01,28.8601,31.22,29.69,29.0
2014-07-02,28.5,30.41,28.96,30.4
2014-07-03,27.53,29.35,27.79,29.28
2014-07-07,27.45,28.73,27.63,28.01
2014-07-08,25.81,28.08,26.47,28.08
2014-07-09,26.05,27.15,26.36,27.09
2014-07-10,25.28,27.7956,27.7,25.83
2014-07-11,26.85,27.9,27.04,27.51
2014-07-14,27.5,28.23,28.04,27.63
2014-07-15,27.7501,28.4,28.21,28.2
2014-07-16,28.3,29.3,29.11,28.5
2014-07-17,27.5,29.39,27.5599,28.82
2014-07-18,27.5,28.33,27.82,27.74
2014-07-21,27.67,28.66,28.54,27.67
2014-07-22,28.5,29.3799,28.73,28.84
2014-07-23,27.81,29.06,27.88,28.89
2014-07-24,27.9,29.23,29.05,28.0
2014-07-25,28.5,29.48,29.03,29.1
2014-07-28,29.07,30.35,29.49,29.26
2014-07-29,29.5,30.22,29.62,29.83
2014-07-30,29.02,30.1,29.07,30.06
2014-07-31,28.1,28.9,28.58,28.5
2014-08-01,27.3,28.7899,27.94,28.55
2014-08-04,27.56,28.3,27.79,28.2
2014-08-05,27.5,28.187,27.73,27.7
2014-08-06,27.3,27.73,27.51,27.56
2014-08-07,27.38,28.07,27.48,27.75
2014-08-08,27.6,28.38,28.36,27.84
2014-08-11,28.09,29.0,28.21,28.8
2014-08-12,28.3,28.98,28.77,28.3
2014-08-13,28.95,30.56,30.47,28.95
2014-08-14,29.71,30.7,30.01,30.4
2014-08-15,28.1,30.7,29.58,28.69
2014-08-18,29.52,30.61,30.04,30.075
2014-08-19,29.89,31.81,30.21,30.42
2014-08-20,30.07,31.15,30.93,30.08
2014-08-21,30.53,31.45,30.82,31.02
2014-08-22,30.81,31.2,30.96,30.81
2014-08-25,30.74,31.45,31.34,31.31
2014-08-26,31.12,32.08,32.01,31.19
2014-08-27,31.83,33.1,32.64,31.85
2014-08-28,31.38,32.31,31.44,32.3
2014-08-29,31.3,32.07,31.92,31.54
2014-09-02,30.32,32.35,31.07,32.0
2014-09-03,30.57,31.55,30.81,31.5
2014-09-04,29.679,31.47,30.26,30.81
2014-09-05,28.9,30.42,29.03,30.34
2014-09-08,28.93,29.6,29.13,29.0
2014-09-09,28.99,29.57,29.06,29.22
2014-09-10,28.02,29.23,28.35,29.04
2014-09-11,28.18,29.17,29.12,28.67
2014-09-12,29.01,29.89,29.25,29.32
2014-09-15,28.36,29.6,28.87,29.59
2014-09-16,27.05,28.76,27.8,28.55
2014-09-17,27.73,28.24,28.1,27.98
2014-09-18,27.87,29.77,29.55,27.87
2014-09-19,27.64,30.2,28.35,30.0
2014-09-22,26.68,28.33,26.97,27.68
2014-09-23,25.84,27.16,26.57,27.02
2014-09-24,26.8,27.4324,27.18,27.01
2014-09-25,26.095,27.65,26.57,27.46
2014-09-26,26.53,27.0,26.93,26.6
2014-09-29,26.0,26.7,26.33,26.48
2014-09-30,25.3,26.35,25.82,26.33
2014-10-01,24.98,26.16,25.02,25.52
2014-10-02,24.99,26.18,25.69,25.02
2014-10-03,25.8,26.38,25.98,25.98
2014-10-06,25.85,26.794,25.96,26.34
2014-10-07,25.28,26.04,25.35,25.8
2014-10-08,25.01,26.43,26.4,25.34
2014-10-09,25.56,26.4,25.66,26.3
2014-10-10,24.1,25.41,25.01,25.21
2014-10-13,23.83,25.2,24.06,25.0
2014-10-14,22.6,24.4,23.9,24.17
2014-10-15,22.89,24.33,24.3,23.25
2014-10-16,23.33,25.05,25.02,23.65
2014-10-17,24.38,26.27,25.07,25.64
2014-10-20,24.61,25.77,25.41,25.4
2014-10-21,24.9,25.7999,25.4,25.46
2014-10-22,25.08,26.0,25.44,25.5
2014-10-23,24.6,25.98,24.66,25.73
2014-10-24,23.3,24.74,24.02,24.65
2014-10-27,23.7,24.55,24.13,23.75
2014-10-28,24.16,24.8,24.78,24.31
2014-10-29,24.09,24.88,24.1,24.7
2014-10-30,23.51,24.35,23.88,24.2
2014-10-31,23.732,24.5,23.89,24.29
2014-11-03,23.57,25.4,24.77,23.6
2014-11-04,24.3,25.06,24.91,24.76
2014-11-05,23.88,25.36,23.91,25.36
2014-11-06,23.61,24.6,24.53,23.95
2014-11-07,24.4,24.96,24.74,24.48
2014-11-10,25.2164,27.07,26.25,25.25
2014-11-11,25.4,26.45,25.81,26.35
2014-11-12,25.853,28.255,27.65,26.0
2014-11-13,26.91,28.4,27.32,27.75
2014-11-14,26.3,27.45,27.01,27.36
2014-11-17,24.8,28.0,25.0,27.78
2014-11-18,24.85,25.46,25.41,25.0
2014-11-19,24.49,25.9,24.5,25.05
2014-11-20,23.58,24.39,23.75,24.37
2014-11-21,23.8,25.26,24.08,24.425
2014-11-24,23.55,24.3,24.04,23.73
2014-11-25,23.48,24.0878,23.79,24.08
2014-11-26,23.53,24.1,23.78,23.74
2014-11-28,23.27,24.12,23.52,23.85
2014-12-01,21.78,23.64,21.97,23.53
2014-12-02,22.1,24.74,23.91,22.15
2014-12-03,24.17,25.25,24.6,24.4
2014-12-04,24.2,24.74,24.47,24.31
2014-12-05,23.4,24.5,23.85,24.36
2014-12-08,22.86,23.7,23.24,22.88
2014-12-09,22.0,25.95,25.42,22.61
2014-12-10,24.19,25.16,24.75,24.94
2014-12-11,24.63,25.5,24.79,24.84
2014-12-12,23.95,24.6,23.97,24.39
2014-12-15,22.92,24.38,23.26,24.2
2014-12-16,22.71,23.2,23.13,23.0
2014-12-17,23.02,23.531,23.5,23.22
2014-12-18,23.8,24.63,24.27,23.89
2014-12-19,23.98,24.72,24.57,24.23
2014-12-22,23.945,25.02,24.9,24.28
2014-12-23,24.39,24.95,24.73,24.82
2014-12-24,24.49,24.95,24.61,24.71
2014-12-26,24.18,24.63,24.56,24.5
2014-12-29,23.53,24.18,24.08,23.93
2014-12-30,23.13,24.0,23.25,23.51
2014-12-31,22.85,23.48,23.14,23.3
2015-01-02,23.15,24.11,24.02,23.37
2015-01-05,24.0,24.95,24.58,24.02
2015-01-06,24.15,25.01,24.53,24.6
2015-01-07,24.57,25.09,24.81,24.86
2015-01-08,24.51,25.29,25.08,24.82
2015-01-09,24.75,25.555,24.94,25.01
2015-01-12,23.84,24.88,24.11,24.88
2015-01-13,23.59,24.33,23.84,24.27
2015-01-14,23.5,24.3,23.82,23.6
2015-01-15,22.96,24.03,23.32,24.02
2015-01-16,23.08,24.17,24.07,23.19
2015-01-20,23.81,24.78,24.56,24.04
2015-01-21,24.23,24.88,24.48,24.42
2015-01-22,24.0,24.49,24.34,24.41
2015-01-23,23.89,25.07,24.65,24.23
2015-01-26,24.47,25.04,25.01,24.47
2015-01-27,24.33,25.64,25.34,24.68
2015-01-28,25.38,26.33,25.99,25.46
2015-01-29,24.52,25.98,24.69,25.39
2015-01-30,24.52,25.0,24.84,24.6
2015-02-02,24.35,25.48,25.48,24.99
2015-02-03,25.46,26.44,26.32,25.63
2015-02-04,26.1,26.91,26.71,26.23
2015-02-05,26.43,26.99,26.81,26.69
2015-02-06,26.05,26.92,26.46,26.66
2015-02-09,26.48,27.35,26.61,26.81
2015-02-10,26.198,26.93,26.32,26.65
2015-02-11,26.1881,26.81,26.45,26.27
2015-02-12,26.36,27.0,26.5,26.67
2015-02-13,26.13,26.86,26.23,26.7
2015-02-17,25.98,27.31,27.3,26.42
2015-02-18,27.19,28.49,28.0,27.4
2015-02-19,27.429,28.22,27.83,28.22
2015-02-20,27.45,28.27,28.21,27.92
2015-02-23,28.0,28.49,28.11,28.2
2015-02-24,27.48,28.14,27.49,27.9
2015-02-25,26.87,27.66,27.3,27.34
2015-02-26,27.2,28.35,28.0,27.57
2015-02-27,27.34,28.17,27.67,28.0
2015-03-02,27.67,28.22,28.15,27.84
2015-03-03,27.34,29.9,27.53,29.3
2015-03-04,27.3,28.2,27.72,28.0
2015-03-05,27.05,29.04,29.0,28.33
2015-03-06,28.5,29.28,28.62,28.5
2015-03-09,28.52,29.16,28.92,28.52
2015-03-10,27.75,28.7595,28.25,28.59
2015-03-11,27.11,28.14,27.51,28.14
2015-03-12,27.53,28.26,28.2,27.78
2015-03-13,27.811,28.3,28.08,28.2
2015-03-16,27.41,28.19,27.72,27.87
2015-03-17,27.69,28.7,28.53,28.0
2015-03-18,28.02,29.06,29.01,28.02
2015-03-19,28.64,29.13,28.94,29.0
2015-03-20,28.84,29.16,29.11,29.15
2015-03-23,28.74,29.2,29.0,28.96
2015-03-24,28.71,29.99,29.74,28.79
2015-03-25,29.66,30.6,29.71,29.84
2015-03-26,29.36,30.28,29.78,29.63
2015-03-27,29.72,30.2,30.08,29.89
2015-03-30,29.24,30.27,29.75,30.22
2015-03-31,29.35,29.74,29.38,29.58
2015-04-01,29.01,29.81,29.22,29.45
2015-04-02,29.3,30.0701,29.49,29.4
2015-04-06,29.4,30.52,30.03,29.44
2015-04-07,30.1225,31.84,31.0,30.13
2015-04-08,31.45,32.95,32.66,31.47
2015-04-09,32.365,33.71,32.69,33.0
2015-04-10,32.54,33.56,33.23,32.7
2015-04-13,33.05,34.77,34.11,33.39
2015-04-14,32.7,33.82,33.22,33.77
2015-04-15,33.4,34.23,33.55,33.83
2015-04-16,33.04,34.075,33.95,33.55
2015-04-17,32.65,33.72,33.19,33.13
2015-04-20,32.67,33.39,33.0,33.3
2015-04-21,32.87,33.85,33.72,33.07
2015-04-22,33.4799,34.05,33.76,33.89
2015-04-23,33.5,34.04,33.66,33.93
2015-04-24,33.8,35.29,34.72,33.8
2015-04-27,34.93,36.75,35.28,34.93
2015-04-28,34.43,35.5,35.02,35.45
2015-04-29,34.0,34.97,34.2,34.78
2015-04-30,33.12,34.51,33.56,34.2
2015-05-01,32.71,34.0,33.53,33.88
2015-05-04,33.7,34.91,34.29,34.01
2015-05-05,33.15,34.14,33.7,34.0
2015-05-06,32.38,33.65,32.48,33.55
2015-05-07,32.36,33.8,33.08,33.8
2015-05-08,32.1,33.85,33.74,32.96
2015-05-11,33.51,34.52,34.46,34.0
2015-05-12,32.6,34.43,32.77,34.19
2015-05-13,32.28,32.89,32.76,32.76
2015-05-14,32.7,33.64,33.38,32.97
2015-05-15,32.3,33.85,33.4,33.0
2015-05-18,33.3,34.25,33.91,33.44
2015-05-19,33.57,34.2,34.15,33.95
2015-05-20,33.46,34.35,33.73,34.08
2015-05-21,33.47,34.09,33.86,33.82
2015-05-22,33.8,34.89,34.89,34.06
2015-05-26,33.96,35.37,34.21,35.07
2015-05-27,33.36,34.47,34.25,34.1
2015-05-28,33.49,34.25,34.02,33.73
2015-05-29,33.4,34.37,33.68,33.95
2015-06-01,33.8,34.96,34.76,33.88
2015-06-02,34.0,35.05,34.8,34.29
2015-06-03,34.57,35.19,34.77,34.96
2015-06-04,33.89,34.62,34.12,34.62
2015-06-05,33.95,36.59,35.67,34.08
2015-06-08,35.77,37.06,36.23,36.01
2015-06-09,35.45,36.66,36.43,36.3
2015-06-10,35.78,36.6,36.26,36.0
2015-06-11,36.34,37.15,36.87,36.37
2015-06-12,36.86,38.0,37.95,36.97
2015-06-15,36.53,37.82,36.63,37.27
2015-06-16,36.24,37.0,36.5,36.43
2015-06-17,35.38,37.15,35.45,37.03
2015-06-18,35.055,35.9,35.57,35.5
2015-06-19,33.92,35.22,34.61,35.0
2015-06-22,34.41,35.04,34.59,34.95
2015-06-23,34.41,35.0,34.59,35.0
2015-06-24,34.67,35.48,34.78,34.9
2015-06-25,33.64,34.74,34.02,34.57
2015-06-26,32.08,33.55,33.455,33.1
2015-06-29,31.72,33.176,32.5,32.62
2015-06-30,33.03,34.1,34.1,33.07
2015-07-01,32.93,34.205,33.25,34.08
2015-07-02,32.8,33.64,33.13,33.48
2015-07-06,31.2,32.4,31.89,31.6
2015-07-07,28.13,30.965,30.61,30.2
2015-07-08,28.71,30.86,30.32,28.91
2015-07-09,31.88,33.42,32.78,32.84
2015-07-10,32.35,33.2502,32.4,32.88
2015-07-13,32.95,34.45,33.9,32.95
2015-07-14,33.5,34.37,33.92,33.66
2015-07-15,32.15,34.0,32.39,33.47
2015-07-16,32.731,34.34,33.84,32.8
2015-07-17,34.41,35.4,35.32,34.5
2015-07-20,34.52,35.4,35.06,34.94
2015-07-21,35.0,35.4,35.31,35.39
2015-07-22,34.65,35.41,35.38,34.99
2015-07-23,33.915,35.45,34.7,35.45
2015-07-24,33.97,35.56,34.64,35.4
2015-07-27,32.06,33.32,32.15,32.8
2015-07-28,31.42,32.54,32.48,32.0
2015-07-29,32.51,33.47,33.29,32.66
2015-07-30,33.0,33.82,33.37,33.1
2015-07-31,31.73,33.7,33.03,33.7
2015-08-03,32.45,33.94,32.92,32.53
2015-08-04,33.0,34.02,33.99,33.17
2015-08-05,34.16,34.99,34.32,34.32
2015-08-06,32.63,34.77,32.81,34.3
2015-08-07,31.65,34.2,32.07,33.03
2015-08-10,29.67,31.0,30.06,30.88
2015-08-11,27.37,29.6999,28.02,29.67
2015-08-12,25.64,27.02,26.77,26.97
2015-08-13,26.9,27.57,27.05,27.47
2015-08-14,27.0,28.225,28.12,27.0
2015-08-17,27.13,27.96,27.33,27.8
2015-08-18,26.2,27.14,26.62,26.51
2015-08-19,26.0,27.0,26.78,26.68
2015-08-20,24.89,26.28,24.9,26.1
2015-08-21,23.66,26.06,25.05,24.03
2015-08-24,21.55,24.94,23.93,22.7
2015-08-25,24.995,27.92,25.06,26.5
2015-08-26,24.55,25.8,25.59,25.51
2015-08-27,26.0299,27.1497,27.1,26.48
2015-08-28,26.27,27.48,26.77,26.27
2015-08-31,25.665,26.705,25.88,26.61
2015-09-01,24.68,25.92,24.88,25.01
2015-09-02,24.22,25.65,24.87,25.24
2015-09-03,24.39,25.14,24.41,24.92
2015-09-04,22.64,24.46,22.81,24.0
2015-09-08,23.28,25.98,23.95,24.08
2015-09-09,24.5,25.85,24.67,24.8
2015-09-10,24.035,24.82,24.19,24.5
2015-09-11,23.15,24.29,24.26,24.1
2015-09-14,23.29,24.47,24.21,23.5
2015-09-15,24.1001,25.14,24.98,24.29
2015-09-16,25.19,27.05,26.99,25.4
2015-09-17,26.32,27.96,27.64,26.34
2015-09-18,26.285,27.54,26.43,27.02
2015-09-21,25.85,26.94,25.98,26.94
2015-09-22,25.14,25.8499,25.54,25.5
2015-09-23,24.06,25.88,24.38,25.63
2015-09-24,24.13,25.43,25.34,24.33
2015-09-25,25.6,26.8,25.94,25.77
2015-09-28,24.67,25.89,24.69,25.62
2015-09-29,24.11,24.9066,24.43,24.8
2015-09-30,25.2,26.5,26.06,25.46
2015-10-01,25.44,27.07,26.5,26.75
2015-10-02,26.5,29.4,28.91,26.98
2015-10-05,28.35,29.15,28.78,29.15
2015-10-06,27.445,28.7,27.71,28.7
2015-10-07,27.42,28.68,27.54,28.14
2015-10-08,26.23,27.49,27.32,27.41
2015-10-09,27.29,28.77,28.41,27.47
2015-10-12,27.95,28.75,28.72,28.62
2015-10-13,26.83,28.32,26.91,28.32
2015-10-14,25.1,27.0,25.52,27.0
2015-10-15,25.39,26.7,26.26,26.06
2015-10-16,26.14,26.95,26.89,26.37
2015-10-19,26.63,27.415,27.09,26.89
2015-10-20,26.46,27.4,26.53,27.09
2015-10-21,25.825,26.89,26.01,26.32
2015-10-22,25.81,26.93,26.2,26.3
2015-10-23,26.93,27.52,27.1,27.23
2015-10-26,26.78,27.49,26.84,27.3
2015-10-27,27.09,28.07,27.66,27.71
2015-10-28,27.24,28.11,27.68,27.5
2015-10-29,26.82,27.85,27.69,27.74
2015-10-30,27.45,27.805,27.62,27.55
2015-11-02,27.31,28.88,28.65,27.5
2015-11-03,28.65,29.9,29.37,28.71
2015-11-04,29.17,30.26,29.27,30.0
2015-11-05,27.87,29.57,28.8,29.56
2015-11-06,28.37,29.95,29.7,29.0
2015-11-09,28.41,29.95,28.76,29.89
2015-11-10,27.3,28.7,28.2,28.62
2015-11-11,26.85,28.49,27.88,28.44
2015-11-12,27.65,29.45,28.78,28.18
2015-11-13,26.6,28.25,26.75,27.82
2015-11-16,26.5308,29.58,28.81,26.71
2015-11-17,28.67,29.95,28.93,29.19
2015-11-18,27.95,29.2,28.56,29.15
2015-11-19,28.3266,29.215,29.05,28.71
2015-11-20,29.13,30.05,29.99,29.33
2015-11-23,29.99,31.07,30.68,30.08
2015-11-24,30.1,31.18,30.35,30.6
2015-11-25,29.825,30.75,29.99,30.45
2015-11-27,29.07,30.05,29.95,29.1
2015-11-30,29.84,30.93,30.68,30.38
2015-12-01,30.2,31.58,31.5,30.38
2015-12-02,31.3,32.44,31.93,31.7
2015-12-03,31.08,32.48,31.56,32.0
2015-12-04,31.1,32.37,32.25,31.35
2015-12-07,31.89,32.62,32.53,32.36
2015-12-08,31.58,32.25,31.89,31.97
2015-12-09,31.205,32.08,31.58,31.77
2015-12-10,31.16,31.75,31.6,31.58
2015-12-11,30.53,31.3,30.55,31.15
2015-12-14,30.03,30.85,30.84,30.78
2015-12-15,31.0,31.9,31.58,31.0
2015-12-16,31.75,32.355,32.225,31.9
2015-12-17,31.89,33.48,32.38,32.65
2015-12-18,31.93,32.79,32.65,32.11
2015-12-21,32.38,33.1,32.5,32.94
2015-12-22,32.15,32.64,32.53,32.45
2015-12-23,32.51,33.1,32.54,32.57
2015-12-24,32.54,32.78,32.58,32.65
2015-12-28,31.37,32.545,31.89,32.5
2015-12-29,32.05,32.945,32.65,32.19
2015-12-30,31.91,32.61,32.08,32.09
2015-12-31,31.63,32.71,32.265,31.96
2016-01-04,29.0,30.66,29.53,30.66
2016-01-05,29.6,30.3,30.0,30.05
2016-01-06,29.05,30.03,29.76,29.23
2016-01-07,27.65,29.15,27.95,28.34
2016-01-08,27.47,28.9,27.62,28.58
2016-01-11,25.97,27.73,27.03,27.35
2016-01-12,27.245,28.3,28.205,27.52
2016-01-13,26.78,28.5,27.1,28.37
2016-01-14,26.8502,28.43,28.12,27.35
2016-01-15,26.35,27.29,26.99,26.5
2016-01-19,26.94,28.635,27.41,28.32
2016-01-20,25.36,26.88,26.38,26.5
2016-01-21,25.8,27.16,26.69,26.17
2016-01-22,26.955,27.89,27.27,27.89
2016-01-25,26.95,27.525,27.03,27.12
2016-01-26,26.09,27.2,27.0,26.75
2016-01-27,25.145,27.04,25.38,27.04
2016-01-28,24.97,26.08,25.37,26.0
2016-01-29,25.5,26.35,26.03,25.85
2016-02-01,25.14,25.96,25.59,25.62
2016-02-02,24.525,25.57,24.67,25.32
2016-02-03,23.37,24.79,23.81,24.68
2016-02-04,23.97,25.26,24.96,24.0
2016-02-05,23.51,24.95,23.64,24.69
2016-02-08,22.18,23.26,23.21,23.05
2016-02-09,22.47,23.525,22.88,22.7
2016-02-10,22.84,23.56,23.24,23.38
2016-02-11,22.135,23.13,22.9,22.53
2016-02-12,22.45,23.41,23.13,23.1
2016-02-16,24.18,25.99,24.98,24.76
2016-02-17,24.86,26.2,25.72,25.42
2016-02-18,25.01,25.9,25.33,25.9
2016-02-19,24.89,25.82,25.54,25.2
2016-02-22,25.67,26.47,26.32,26.09
2016-02-23,25.5,26.17,25.59,26.01
2016-02-24,24.3,25.76,25.68,25.1
2016-02-25,24.44,25.1,24.93,24.75
2016-02-26,25.16,25.8,25.41,25.66
2016-02-29,25.28,26.0,25.71,25.33
2016-03-01,26.31,27.19,26.5,26.89
2016-03-02,26.26,27.13,26.64,27.12
2016-03-03,25.21,26.78,25.59,26.78
2016-03-04,25.68,26.55,26.48,25.94
2016-03-07,25.9,26.56,26.14,26.28
2016-03-08,25.76,26.34,26.07,25.85
2016-03-09,25.77,26.48,26.34,26.16
2016-03-10,26.01,26.815,26.39,26.48
2016-03-11,26.53,27.92,27.83,26.75
2016-03-14,27.69,28.25,27.74,28.0
2016-03-15,26.865,27.5,27.16,27.45
2016-03-16,26.95,27.96,27.84,27.03
2016-03-17,26.985,28.04,27.03,27.5
2016-03-18,26.52,27.36,27.08,27.17
2016-03-21,26.58,27.56,26.96,27.26
2016-03-22,26.58,27.04,26.99,26.7
2016-03-23,26.29,27.05,26.74,26.91
2016-03-24,26.1,26.46,26.36,26.46
2016-03-28,25.635,26.33,25.82,26.32
2016-03-29,25.59,26.63,26.42,25.84
2016-03-30,26.66,27.615,27.24,26.66
2016-03-31,26.42,27.48,26.5,27.37
2016-04-01,26.09,27.25,26.76,26.26
2016-04-04,26.37,27.05,26.64,26.76
2016-04-05,26.201,26.76,26.52,26.35
2016-04-06,26.18,26.99,26.74,26.74
2016-04-07,26.43,27.0,26.51,26.8
2016-04-08,26.715,27.34,26.86,26.94
2016-04-11,26.96,27.73,27.28,27.0
2016-04-12,27.19,28.17,28.1,27.19
2016-04-13,28.72,29.79,29.58,28.78
2016-04-14,29.3,29.87,29.63,29.49
2016-04-15,29.77,30.01,29.88,29.89
2016-04-18,29.0,29.86,29.34,29.73
2016-04-19,28.595,29.77,28.85,29.66
2016-04-20,28.41,28.79,28.68,28.6
2016-04-21,28.68,29.21,28.79,28.75
2016-04-22,27.66,28.77,28.3,28.6
2016-04-25,27.31,28.1992,27.43,28.09
2016-04-26,24.55,27.58,25.07,27.43
2016-04-27,25.0,25.84,25.34,25.11
2016-04-28,25.36,26.3,25.65,25.36
2016-04-29,24.9,26.28,25.56,25.58
2016-05-02,24.97,25.65,25.29,25.52
2016-05-03,24.25,25.13,24.4,25.13
2016-05-04,24.14,24.72,24.22,24.31
2016-05-05,24.59,25.17,24.85,25.07
2016-05-06,24.48,25.45,25.2,24.93
2016-05-09,22.67,23.99,23.43,23.99
2016-05-10,23.22,24.19,23.77,23.23
2016-05-11,23.0,24.01,23.13,24.01
2016-05-12,22.02,23.68,22.11,23.53
2016-05-13,22.35,22.94,22.64,22.48
2016-05-16,22.82,23.51,23.37,22.82
2016-05-17,23.28,24.42,23.88,23.28
2016-05-18,23.31,23.93,23.6,23.74
2016-05-19,22.84,23.94,23.11,23.35
2016-05-20,23.18,23.91,23.45,23.18
2016-05-23,22.8,23.46,22.89,23.41
2016-05-24,23.01,24.04,23.79,23.19
2016-05-25,22.805,23.9,22.98,23.8
2016-05-26,22.86,23.39,23.17,23.31
2016-05-27,23.18,24.28,24.25,23.32
2016-05-31,24.17,25.0,24.61,24.57
2016-06-01,23.68,24.37,23.79,24.35
2016-06-02,23.445,24.22,23.66,24.0
2016-06-03,22.85,23.9,22.98,23.71
2016-06-06,23.12,23.505,23.32,23.16
2016-06-07,21.71,23.54,22.01,23.51
2016-06-08,21.21,22.27,21.24,22.2
2016-06-09,20.82,21.82,21.71,21.07
2016-06-10,20.885,21.53,21.06,21.4
2016-06-13,20.8,21.28,20.99,20.95
2016-06-14,20.38,21.14,20.9,21.06
2016-06-15,19.91,21.0,20.17,21.0
2016-06-16,19.51,20.51,20.43,19.95
2016-06-17,19.85,20.56,20.13,20.51
2016-06-20,20.6,22.04,21.06,20.68
2016-06-21,20.91,21.48,21.13,21.37
2016-06-22,20.77,21.52,21.2,21.12
2016-06-23,21.04,21.51,21.46,21.42
2016-06-24,20.25,21.25,20.64,20.39
2016-06-27,19.909,20.65,20.24,20.54
2016-06-28,20.175,20.99,20.32,20.53
2016-06-29,20.305,20.823,20.39,20.48
2016-06-30,20.3399,21.34,21.23,20.39
2016-07-01,20.98,21.5,21.31,21.23
2016-07-05,20.4,21.3,20.86,21.18
2016-07-06,20.035,20.64,20.38,20.55
2016-07-07,20.31,20.665,20.57,20.46
2016-07-08,20.34,20.73,20.72,20.61
2016-07-11,20.85,22.01,21.76,20.88
2016-07-12,21.87,22.3,22.21,22.14
2016-07-13,21.51,22.3,21.68,22.2
2016-07-14,21.63,21.98,21.68,21.95
2016-07-15,21.31,21.78,21.41,21.73
2016-07-18,21.4,22.35,22.14,21.4
2016-07-19,21.85,22.6,22.42,21.85
2016-07-20,22.32,22.9,22.66,22.52
2016-07-21,21.94,22.87,21.99,22.87
2016-07-22,21.65,22.06,21.92,22.06
2016-07-25,21.51,22.02,21.85,22.0
2016-07-26,21.74,22.65,22.48,21.85
2016-07-27,22.2,22.64,22.36,22.5
2016-07-28,21.97,22.27,22.14,22.2
2016-07-29,21.55,22.13,21.65,22.11
2016-08-01,21.66,22.13,21.84,21.69
2016-08-02,21.56,21.98,21.8,21.86
2016-08-03,21.51,21.78,21.73,21.65
2016-08-04,21.22,21.73,21.37,21.65
2016-08-05,21.29,22.1725,21.85,21.5
2016-08-08,21.55,22.37,22.35,21.82
2016-08-09,22.05,22.69,22.37,22.36
2016-08-10,23.26,24.6,23.41,24.11
2016-08-11,23.07,24.0,23.29,23.65
2016-08-12,22.93,24.89,24.65,23.27
2016-08-15,24.85,25.62,25.32,24.86
2016-08-16,24.75,25.58,25.02,25.57
2016-08-17,24.8,25.44,25.39,24.9
2016-08-18,25.12,25.52,25.4,25.34
2016-08-19,25.7,26.2,25.91,26.15
2016-08-22,25.52,25.99,25.77,25.95
2016-08-23,25.785,26.3,25.94,25.81
2016-08-24,25.51,26.08,25.56,25.97
2016-08-25,25.295,25.7,25.42,25.4
2016-08-26,25.42,25.99,25.79,25.46
2016-08-29,25.47,25.85,25.61,25.85
2016-08-30,25.495,25.95,25.59,25.71
2016-08-31,25.2,25.695,25.41,25.5
2016-09-01,25.33,25.73,25.71,25.41
2016-09-02,25.52,26.07,25.55,25.9
2016-09-06,25.72,27.0,26.54,25.72
2016-09-07,26.48,26.78,26.55,26.57
2016-09-08,26.55,27.08,26.86,26.6
2016-09-09,26.34,26.95,26.37,26.86
2016-09-12,25.55,26.575,26.5,25.6
2016-09-13,26.11,26.575,26.53,26.22
2016-09-14,25.71,26.69,26.01,26.59
2016-09-15,25.62,26.13,26.13,26.0
2016-09-16,26.01,26.55,26.23,26.23
2016-09-19,25.93,26.48,26.05,26.34
2016-09-20,25.68,26.16,25.85,25.88
2016-09-21,25.54,26.03,25.88,25.94
2016-09-22,25.86,26.4,26.3,26.0
2016-09-23,26.18,26.99,26.84,26.32
2016-09-26,26.35,26.61,26.54,26.54
2016-09-27,26.55,27.29,26.68,26.6
2016-09-28,26.01,26.87,26.29,26.64
2016-09-29,25.8,26.48,25.98,26.22
2016-09-30,25.92,26.32,26.09,26.01
2016-10-03,25.7,26.13,26.11,26.03
2016-10-04,26.125,29.235,27.49,26.15
2016-10-05,27.28,28.09,27.93,27.59
2016-10-06,26.96,28.53,27.4,28.45
2016-10-07,26.8,27.5,27.03,27.4
2016-10-10,26.77,27.51,27.3,27.04
2016-10-11,26.58,27.405,26.75,27.24
2016-10-12,26.34,26.82,26.59,26.61
2016-10-13,25.53,26.27,26.27,26.15
2016-10-14,26.27,26.78,26.5,26.72
2016-10-17,26.14,26.84,26.31,26.3
2016-10-18,26.2,26.79,26.26,26.78
2016-10-19,26.09,26.58,26.3,26.36
2016-10-20,26.17,26.855,26.65,26.17
2016-10-21,26.58,26.9,26.87,26.61
2016-10-24,26.09,27.12,26.5,27.0
2016-10-25,26.25,26.69,26.42,26.55
2016-10-26,26.14,26.57,26.48,26.32
2016-10-27,25.73,26.68,25.88,26.59
2016-10-28,25.38,26.05,25.9,25.7
2016-10-31,25.93,26.44,25.95,26.03
2016-11-01,25.18,26.04,25.31,25.9
2016-11-02,24.37,25.5,24.74,25.44
2016-11-03,24.51,25.05,24.67,24.54
2016-11-04,24.31,24.77,24.65,24.57
2016-11-07,25.0,25.715,25.46,25.18
2016-11-08,25.015,25.55,25.44,25.51
2016-11-09,24.6,25.58,25.13,24.6
2016-11-10,23.88,25.5,24.39,25.5
2016-11-11,23.68,24.52,24.04,24.25
2016-11-14,23.375,24.23,23.71,24.23
2016-11-15,25.29,26.96,26.41,25.69
2016-11-16,25.62,26.6,26.51,25.62
2016-11-17,26.33,26.93,26.75,26.5
2016-11-18,26.255,26.89,26.45,26.75
2016-11-21,25.89,26.5601,26.0,26.5
2016-11-22,25.64,26.135,25.81,26.0
2016-11-23,25.65,25.95,25.74,25.76
2016-11-25,25.43,25.99,25.54,25.89
2016-11-28,25.5399,25.945,25.83,25.56
2016-11-29,25.75,27.7,26.85,25.84
2016-11-30,26.665,27.4,26.87,26.93
2016-12-01,26.18,26.95,26.3,26.79
2016-12-02,25.72,26.45,25.88,26.32
2016-12-05,25.58,26.315,25.95,25.86
2016-12-06,25.77,26.26,25.83,26.09
2016-12-07,25.72,27.19,26.98,25.76
2016-12-08,26.69,27.2,26.97,26.99
2016-12-09,26.265,26.97,26.84,26.87
2016-12-12,25.82,26.62,26.16,26.38
2016-12-13,25.92,26.92,26.66,26.31
2016-12-14,26.51,27.38,26.95,26.69
2016-12-15,25.58,26.74,25.77,26.74
2016-12-16,25.57,26.16,25.61,25.73
2016-12-19,25.25,25.64,25.38,25.6
2016-12-20,25.31,25.72,25.52,25.72
2016-12-21,25.42,25.96,25.88,25.42
2016-12-22,25.49,25.9,25.62,25.86
2016-12-23,25.34,25.85,25.49,25.51
2016-12-27,25.455,26.21,25.93,25.52
2016-12-28,25.61,26.195,25.74,26.09
2016-12-29,25.56,25.9115,25.64,25.76
2016-12-30,25.285,25.84,25.44,25.68
2017-01-03,25.64,26.11,25.82,25.95
2017-01-04,25.585,26.085,25.85,26.05
2017-01-05,26.05,26.8,26.3,26.15
2017-01-06,25.92,26.41,26.27,26.3
2017-01-09,26.14,26.95,26.26,26.64
2017-01-10,26.25,27.1,26.9,26.3
2017-01-11,26.445,27.18,26.77,26.76
2017-01-12,26.48,26.83,26.61,26.83
2017-01-13,26.52,26.9,26.84,26.77
2017-01-17,26.71,27.65,27.21,26.82
2017-01-18,26.86,27.5,27.16,27.34
2017-01-19,27.13,27.84,27.75,27.3
2017-01-20,27.54,28.14,27.6,27.96
2017-01-23,27.46,28.27,28.18,27.5
2017-01-24,28.22,28.91,28.54,28.5
2017-01-25,28.3538,28.84,28.59,28.77
2017-01-26,28.18,28.8,28.32,28.8
2017-01-27,28.12,28.5,28.36,28.35
2017-01-30,28.06,28.64,28.56,28.17
2017-01-31,28.01,28.46,28.4,28.32
2017-02-01,28.02,28.59,28.13,28.59
2017-02-02,27.88,28.21,28.17,28.0
2017-02-03,28.08,28.4,28.32,28.28
2017-02-06,28.35,28.8,28.54,28.64
2017-02-07,28.46,28.94,28.81,28.66
2017-02-08,28.63,29.06,28.98,28.81
2017-02-09,28.76,29.2,29.01,28.96
2017-02-10,29.01,29.525,29.38,29.21
2017-02-13,29.105,29.65,29.52,29.52
2017-02-14,29.28,29.74,29.43,29.48
2017-02-15,29.4,30.25,30.14,29.5
2017-02-16,30.03,30.57,30.23,30.32
2017-02-17,29.51,30.27,29.85,29.57
2017-02-21,29.81,30.285,30.23,30.0
2017-02-22,30.1,30.67,30.47,30.27
2017-02-23,30.23,30.88,30.61,30.75
2017-02-24,30.03,30.52,30.27,30.5
2017-02-27,30.25,30.91,30.8,30.3
2017-02-28,30.36,31.16,30.57,30.97
2017-03-01,30.56,30.99,30.67,30.83
2017-03-02,30.48,32.47,30.93,31.74
2017-03-03,30.87,31.58,30.93,31.32
2017-03-06,30.24,30.98,30.41,30.97
2017-03-07,29.96,30.94,30.75,30.2
2017-03-08,30.6,31.64,31.34,30.61
2017-03-09,30.96,31.51,31.2,31.15
2017-03-10,30.945,31.55,31.06,31.35
2017-03-13,31.15,31.82,31.69,31.27
2017-03-14,31.11,31.59,31.37,31.46
2017-03-15,31.08,31.53,31.38,31.35
2017-03-16,31.44,32.21,31.54,31.87
2017-03-17,31.34,31.77,31.56,31.77
2017-03-20,31.54,31.87,31.72,31.57
2017-03-21,30.14,31.93,30.32,31.88
2017-03-22,29.88,30.61,30.58,30.18
2017-03-23,30.61,31.35,31.29,30.85
2017-03-24,31.1,31.84,31.26,31.42
2017-03-27,30.76,31.55,31.38,31.0
2017-03-28,31.21,32.0,31.46,31.33
2017-03-29,31.425,31.67,31.58,31.5
2017-03-30,31.47,31.89,31.56,31.5
2017-03-31,31.085,31.56,31.11,31.4
2017-04-03,31.27,32.1,31.92,31.43
2017-04-04,31.23,31.89,31.44,31.8
2017-04-05,31.44,32.06,31.53,31.58
2017-04-06,31.49,32.26,32.23,31.69
2017-04-07,31.57,32.25,32.01,32.2
2017-04-10,32.15,32.92,32.67,32.16
2017-04-11,32.22,33.281,32.3,32.7
2017-04-12,32.31,32.88,32.71,32.31
2017-04-13,32.45,32.87,32.47,32.74
2017-04-17,32.58,33.0899,32.72,32.67
2017-04-18,32.55,33.005,32.84,32.67
2017-04-19,33.1,34.0,33.36,33.16
2017-04-20,33.45,34.14,33.97,34.04
2017-04-21,34.0,34.725,34.35,34.14
2017-04-24,34.36,34.94,34.57,34.78
2017-04-25,34.88,35.07,34.96,35.0
2017-04-26,34.8,35.075,34.94,35.06
2017-04-27,34.97,35.32,35.3,35.05
2017-04-28,34.73,35.5,35.07,35.5
2017-05-01,35.02,35.45,35.34,35.14
2017-05-02,34.87,35.565,35.45,35.35
2017-05-03,34.51,35.53,35.15,35.53
2017-05-04,34.9578,35.495,35.4,35.26
2017-05-05,35.16,35.9,35.78,35.5
2017-05-08,37.69,39.09,38.55,37.88
2017-05-09,38.28,38.99,38.53,38.84
2017-05-10,38.42,39.36,39.32,38.55
2017-05-11,38.75,40.0,39.76,39.15
2017-05-12,39.77,40.72,40.56,39.82
2017-05-15,39.91,41.0118,40.23,40.99
2017-05-16,40.23,41.0,40.77,40.28
2017-05-17,39.96,40.96,40.04,40.2
2017-05-18,38.59,40.395,40.16,39.025
2017-05-19,40.42,41.72,41.06,40.47
2017-05-22,41.2,41.97,41.66,41.61
2017-05-23,40.32,41.97,40.72,41.96
2017-05-24,39.77,40.91,40.44,40.86
2017-05-25,40.715,41.35,41.02,41.0
2017-05-26,40.615,41.1,40.99,40.93
2017-05-30,40.37,41.1,40.79,41.1
2017-05-31,39.69,40.79,40.03,40.72
2017-06-01,39.98,40.47,40.29,40.2
2017-06-02,39.86,40.37,40.23,40.32
2017-06-05,40.07,40.53,40.32,40.32
2017-06-06,40.07,40.55,40.18,40.2
2017-06-07,40.15,41.43,41.18,40.3
2017-06-08,41.22,43.8,41.92,43.41
2017-06-09,38.46,42.51,39.0,42.49
2017-06-12,37.98,39.62,39.22,39.0
2017-06-13,38.9365,40.14,39.27,39.83
2017-06-14,38.2,39.5745,38.4,39.57
2017-06-15,36.77,38.14,38.12,38.03
2017-06-16,37.73,38.585,38.17,37.92
2017-06-19,39.35,40.32,39.74,39.455
2017-06-20,38.75,39.84,38.9,39.6
2017-06-21,38.98,41.27,41.09,39.19
2017-06-22,40.6,41.45,41.33,40.62
2017-06-23,41.0,43.06,42.95,41.3
2017-06-26,42.05,44.18,43.08,43.31
2017-06-27,40.53,42.95,40.69,42.79
2017-06-28,39.63,41.52,41.28,41.49
2017-06-29,39.22,41.19,39.5,41.15
2017-06-30,38.74,39.95,39.22,39.865
2017-07-03,38.75,39.83,38.86,39.83
2017-07-05,38.51,39.92,39.76,38.95
2017-07-06,38.71,39.49,39.11,39.21
2017-07-07,39.1,39.66,39.22,39.1
2017-07-10,39.21,40.635,40.42,39.25
2017-07-11,40.32,41.335,40.81,40.59
2017-07-12,41.2,41.98,41.44,41.27
2017-07-13,41.01,41.91,41.43,41.5
2017-07-14,41.175,42.135,42.01,41.38
2017-07-17,40.97,42.14,41.63,42.05
2017-07-18,41.34,43.1,42.99,41.6
2017-07-19,42.771,44.09,43.22,43.4
2017-07-20,42.515,43.49,42.92,43.26
2017-07-21,42.4,43.235,43.08,43.0
2017-07-24,43.05,43.68,43.54,43.15
2017-07-25,43.27,44.73,44.46,43.75
2017-07-26,44.62,46.85,45.87,44.76
2017-07-27,43.88,46.85,45.16,46.5
2017-07-28,44.2,45.961,45.22,44.7
2017-07-31,44.44,45.984,45.17,45.27
2017-08-01,45.25,45.91,45.55,45.82
2017-08-02,44.16,45.75,45.25,45.55
2017-08-03,44.66,45.73,45.3,45.49
2017-08-04,45.34,46.415,46.4,45.6
2017-08-07,46.27,47.95,47.56,46.64
2017-08-08,47.63,48.99,48.15,47.92
2017-08-09,46.89,47.88,47.84,47.64
2017-08-10,45.76,47.85,46.09,47.5
2017-08-11,44.91,46.213,45.9,45.5
2017-08-14,43.06,45.45,44.25,45.0
2017-08-15,43.26,44.98,44.05,44.94
2017-08-16,43.46,44.95,43.65,44.47
2017-08-17,40.75,43.15,40.8,43.04
2017-08-18,39.93,41.17,40.13,41.06
2017-08-21,40.21,41.47,41.26,40.4
2017-08-22,41.15,42.215,42.15,41.87
2017-08-23,41.85,43.06,42.44,42.13
2017-08-24,41.45,42.96,42.07,42.81
2017-08-25,40.36,42.14,40.87,42.04
2017-08-28,39.43,41.122,40.35,41.0
2017-08-29,39.33,41.07,40.84,39.4
2017-08-30,40.895,42.05,41.94,40.9
2017-08-31,41.397,42.51,41.905,42.38
2017-09-01,41.68,42.49,41.99,41.93
2017-09-05,40.97,41.88,41.4,41.525
2017-09-06,41.135,42.18,41.64,41.7
2017-09-07,41.57,42.133,41.83,41.73
2017-09-08,41.07,41.956,41.15,41.76
2017-09-11,41.71,42.5,42.04,41.71
2017-09-12,41.81,43.5,43.29,42.36
2017-09-13,43.36,45.28,45.27,43.45
2017-09-14,44.52,45.93,45.25,44.84
2017-09-15,44.7,45.6,44.91,45.585
2017-09-18,44.71,45.83,44.74,45.45
2017-09-19,43.83,45.04,44.33,45.0
2017-09-20,43.715,44.55,44.44,44.39
2017-09-21,42.41,43.96,42.98,43.9
2017-09-22,42.16,42.68,42.37,42.48
2017-09-25,40.47,42.09,40.93,42.04
2017-09-26,40.11,41.78,40.32,41.56
2017-09-27,39.33,40.84,39.71,40.71
2017-09-28,38.21,39.5,38.65,39.48
2017-09-29,37.82,38.83,38.2,38.375
2017-10-02,38.3,39.94,39.1,38.4
2017-10-03,39.1,40.23,39.21,39.93
2017-10-04,37.61,39.21,38.34,39.21
2017-10-05,38.21,39.266,39.14,38.62
2017-10-06,38.933,39.719,39.24,38.98
2017-10-09,38.69,39.47,38.91,39.4
2017-10-10,39.1,40.29,40.17,39.29
2017-10-11,39.52,40.42,39.62,40.37
2017-10-12,38.44,39.62,38.51,39.6
2017-10-13,38.44,38.97,38.72,38.71
2017-10-16,38.96,40.15,39.67,40.14
2017-10-17,39.37,40.15,39.59,39.95
2017-10-18,39.57,40.77,40.32,40.0
2017-10-19,39.21,40.18,39.38,39.8
2017-10-20,38.69,39.75,39.0,39.7
2017-10-23,38.33,39.2,38.43,39.15
2017-10-24,38.46,38.815,38.52,38.66
2017-10-25,37.13,38.97,37.4,38.55
2017-10-26,36.71,37.68,36.81,37.56
2017-10-27,35.79,37.47,37.36,37.01
2017-10-30,36.94,37.87,37.42,37.81
2017-10-31,37.275,38.03,37.52,37.84
2017-11-01,37.72,38.31,37.86,38.0
2017-11-02,37.665,38.67,37.88,38.24
2017-11-03,38.21,38.61,38.42,38.4
2017-11-06,38.6,39.18,39.01,39.01
2017-11-07,39.09,39.9,39.79,39.69
2017-11-08,39.85,40.83,40.33,39.91
2017-11-09,38.89,40.22,39.8,40.19
2017-11-10,39.17,40.4,39.96,39.83
2017-11-13,40.85,42.77,41.34,41.97
2017-11-14,38.25,41.05,38.9,41.0
2017-11-15,37.79,39.38,39.35,38.5
2017-11-16,39.34,40.58,40.22,39.64
2017-11-17,39.95,40.73,40.25,40.34
2017-11-20,38.9,40.45,39.2,40.36
2017-11-21,39.495,40.37,39.88,39.495
2017-11-22,39.45,40.46,39.79,40.2
2017-11-24,39.05,39.73,39.21,39.72
2017-11-27,38.52,39.13,38.66,39.0
2017-11-28,38.3,38.96,38.57,38.76
2017-11-29,37.1,38.61,37.83,38.4
2017-11-30,37.12,38.0,37.45,37.87
2017-12-01,36.54,37.68,37.27,37.02
2017-12-04,36.66,38.25,36.75,37.77
2017-12-05,35.81,37.6299,37.3,36.04
2017-12-06,36.55,37.85,37.82,36.71
2017-12-07,37.73,38.33,38.13,37.83
2017-12-08,37.92,38.78,38.01,38.41
2017-12-11,37.61,38.55,38.46,38.05
2017-12-12,38.03,38.815,38.56,38.24
2017-12-13,38.9,40.91,40.8,39.02
2017-12-14,39.88,40.99,40.63,40.4
2017-12-15,39.9,40.59,40.32,40.46
2017-12-18,41.36,42.09,41.68,42.0
2017-12-19,41.61,43.48,42.97,41.61
2017-12-20,41.44,43.09,42.16,42.71
2017-12-21,41.97,42.7,42.27,42.2
2017-12-22,41.9,42.86,42.19,42.31
2017-12-26,41.645,42.42,42.14,41.96
2017-12-27,41.71,42.63,42.29,42.18
2017-12-28,41.6,42.47,41.63,42.31
2017-12-29,41.3065,41.861,41.42,41.67
2018-01-02,41.9,43.5,43.28,42.14
2018-01-03,43.1114,43.9,43.51,43.72
2018-01-04,43.13,44.08,43.67,43.96
2018-01-05,43.89,45.83,45.64,44.0
2018-01-08,45.56,46.5,46.1,45.675
2018-01-09,45.79,46.8,46.13,46.49
2018-01-10,45.17,46.5,46.45,45.44
2018-01-11,45.82,46.73,46.61,46.5
2018-01-12,46.285,47.23,46.4,46.68
2018-01-16,45.92,47.4,46.46,47.32
2018-01-17,46.02,46.93,46.61,46.9
2018-01-18,45.6,46.8,45.9,46.69
2018-01-19,45.57,46.4,46.02,46.15
2018-01-22,43.34,45.6,45.26,45.51
2018-01-23,44.34,45.7,45.18,45.4
2018-01-24,45.42,47.94,46.74,45.43
2018-01-25,46.35,47.74,47.38,46.74
2018-01-26,48.1057,50.55,50.5,48.23
2018-01-29,49.71,50.68,49.94,50.6
2018-01-30,48.22,49.43,49.26,48.75
2018-01-31,49.035,50.17,49.23,49.74
2018-02-01,45.5,49.25,47.55,46.89
2018-02-02,45.92,48.02,46.03,47.99
2018-02-05,44.11,47.64,44.6,45.03
2018-02-06,42.6,45.3,45.05,43.06
2018-02-07,44.22,45.33,44.39,44.97
2018-02-08,42.17,44.84,42.25,44.84
2018-02-09,40.93,43.41,42.93,42.62
2018-02-12,43.04,44.095,43.72,43.68
2018-02-13,43.57,44.74,44.55,43.77
2018-02-14,44.72,47.25,46.86,44.84
2018-02-15,46.26,47.91,47.11,47.78
2018-02-16,46.3,47.3,46.42,47.1
2018-02-20,46.3,47.92,46.93,46.34
2018-02-21,47.13,48.8,47.16,47.53
2018-02-22,47.16,48.01,47.81,47.93
2018-02-23,47.48,48.36,48.35,48.22
2018-02-26,48.19,49.0,48.8,49.0
2018-02-27,46.99,48.72,47.04,48.57
2018-02-28,46.8,48.18,47.15,47.46
2018-03-01,45.05,47.65,46.21,47.1
2018-03-02,41.8,43.99,43.8,42.98
2018-03-05,41.89,43.65,42.99,43.37
2018-03-06,42.69,43.71,43.14,43.53
2018-03-07,42.61,44.54,44.41,42.8
2018-03-08,44.5,45.71,45.39,44.51
2018-03-09,45.29,46.13,45.71,45.71
2018-03-12,45.45,46.31,46.01,46.02
2018-03-13,43.9,46.0,44.32,46.0
2018-03-14,44.05,45.15,44.09,44.775
2018-03-15,44.38,45.48,44.94,45.08
2018-03-16,44.75,45.22,44.97,44.99
2018-03-19,43.43,44.69,44.15,44.26
2018-03-20,43.75,44.36,44.0,44.24
2018-03-21,43.4,44.67,43.51,44.36
2018-03-22,41.6,43.06,42.51,42.94
2018-03-23,40.661,42.89,40.87,42.3
2018-03-26,41.0,42.4,41.85,41.97
2018-03-27,40.33,42.29,40.71,42.2
2018-03-28,39.1201,40.4,40.01,40.34
2018-03-29,40.18,41.0,40.49,40.24
2018-04-02,38.68,40.52,39.08,40.09
2018-04-03,38.44,39.66,38.98,39.6
2018-04-04,37.7517,39.63,39.44,37.8
2018-04-05,39.91,40.44,40.19,40.0
2018-04-06,38.91,40.04,39.23,39.55
2018-04-09,39.56,41.05,40.07,39.89
2018-04-10,40.18,41.3,40.7,41.27
2018-04-11,40.41,41.05,40.46,40.44
2018-04-12,40.42,40.995,40.6,40.63
2018-04-13,39.58,40.52,39.8,40.4
2018-04-16,39.49,40.07,39.93,39.89
2018-04-17,39.81,40.58,40.27,40.12
2018-04-18,39.51,40.5,40.18,40.5
2018-04-19,38.61,40.34,38.9,40.14
2018-04-20,36.5,37.49,37.44,37.34
2018-04-23,36.74,37.76,37.0,37.41
2018-04-24,35.46,37.55,35.87,37.37
2018-04-25,34.88,36.24,35.88,35.79
2018-04-26,36.115,36.9,36.5,36.13
2018-04-27,36.33,37.188,36.76,37.1
2018-04-30,36.15,37.09,36.51,37.08
2018-05-01,36.29,37.5,37.47,36.3
2018-05-02,36.94,37.495,37.08,37.27
2018-05-03,36.2,37.44,37.2,36.9
2018-05-04,36.4,37.85,37.67,36.55
2018-05-07,38.0,38.91,38.72,38.24
2018-05-08,36.55,38.29,36.94,38.18
2018-05-09,36.51,37.4,37.14,36.75
2018-05-10,36.66,37.2525,36.85,37.14
2018-05-11,36.69,37.2,36.95,37.02
2018-05-14,37.07,37.76,37.17,37.25
2018-05-15,35.93,36.93,36.12,36.73
2018-05-16,36.16,36.755,36.43,36.4
2018-05-17,35.687,36.74,35.96,36.34
2018-05-18,35.55,36.02,35.71,36.0
2018-05-21,36.07,36.95,36.28,36.21
2018-05-22,36.27,36.87,36.36,36.27
2018-05-23,36.01,37.18,36.72,36.18
2018-05-24,36.48,37.14,36.7,36.9
2018-05-25,36.75,37.15,36.87,36.8
2018-05-29,36.1,37.0,36.53,36.7
2018-05-30,35.67,36.54,35.8,36.35
2018-05-31,34.76,36.02,35.18,35.93
2018-06-01,35.54,36.26,36.09,35.57
2018-06-04,36.3819,38.18,38.16,36.49
2018-06-05,38.51,39.46,38.87,39.0
2018-06-06,39.2,40.68,40.4,39.25
2018-06-07,38.92,40.84,39.5,40.79
2018-06-08,38.96,40.41,39.92,38.99
2018-06-11,39.23,40.08,39.64,40.08
2018-06-12,39.7,41.47,41.47,39.86
2018-06-13,40.5615,41.88,41.25,41.46
2018-06-14,41.11,43.96,43.75,41.12
2018-06-15,42.05,43.88,43.59,42.81
2018-06-18,43.12,45.23,43.76,45.03
2018-06-19,40.89,42.37,41.89,42.0
2018-06-20,41.36,42.72,41.68,42.66
2018-06-21,40.41,41.59,40.82,41.47
2018-06-22,40.37,41.19,40.82,41.14
2018-06-25,38.8,40.0,39.18,39.94
2018-06-26,39.05,39.76,39.47,39.56
2018-06-27,38.29,40.21,38.39,39.5
2018-06-28,37.93,38.98,38.93,38.41
2018-06-29,38.75,39.87,38.95,39.15
2018-07-02,37.87,38.8,38.79,38.01
2018-07-03,38.35,39.21,38.38,39.18
2018-07-05,37.78,38.87,38.54,38.54
2018-07-06,38.16,39.53,39.46,38.28
2018-07-09,39.29,40.04,39.4,39.99
2018-07-10,38.42,39.96,38.59,39.49
2018-07-11,37.39,38.23,37.95,37.86
2018-07-12,38.01,38.77,38.52,38.27
2018-07-13,37.96,38.77,38.27,38.53
2018-07-16,37.79,38.31,38.04,38.3
2018-07-17,37.6,38.17,37.99,37.7
2018-07-18,37.05,38.09,37.53,37.96
2018-07-19,36.78,37.24,36.88,37.19
2018-07-20,35.26,36.9,35.51,36.85
2018-07-23,35.47,36.14,35.66,35.94
2018-07-24,35.215,36.7,35.31,36.27
2018-07-25,35.38,37.11,36.92,35.58
2018-07-26,36.22,37.4,36.64,36.22
2018-07-27,35.86,37.365,36.21,37.15
2018-07-30,34.86,36.29,35.16,36.18
2018-07-31,34.9,35.89,35.86,35.19
2018-08-01,35.56,36.89,36.28,35.58
2018-08-02,35.13,36.34,36.29,35.4
2018-08-03,35.81,36.7136,36.17,36.48
2018-08-06,35.53,36.11,35.9,36.06
2018-08-07,35.9215,36.7,36.5,36.29
2018-08-08,35.96,36.8,36.0,36.57
2018-08-09,35.9601,36.6219,36.02,36.27
2018-08-10,35.47,35.905,35.79,35.62
2018-08-13,34.54,35.66,35.07,35.58
2018-08-14,33.02,34.59,33.87,34.59
2018-08-15,31.48,32.56,32.36,32.13
2018-08-16,31.18,33.2,31.97,32.0
2018-08-17,31.07,32.445,32.22,31.83
2018-08-20,32.6,33.28,33.04,32.61
2018-08-21,32.46,33.6,32.8,33.41
2018-08-22,32.31,32.85,32.34,32.75
2018-08-23,31.13,33.05,31.39,32.74
2018-08-24,31.265,31.6555,31.4,31.55
2018-08-27,31.77,32.805,32.67,31.98
2018-08-28,31.81,32.99,32.16,32.98
2018-08-29,31.905,32.39,31.95,32.03
2018-08-30,30.761,31.82,31.0,31.65
2018-08-31,30.52,31.46,31.3,30.66
2018-09-04,29.06,30.0295,29.43,30.01
2018-09-05,26.0,28.05,26.3,27.96
2018-09-06,26.56,27.935,27.25,27.24
2018-09-07,26.7,27.41,26.95,27.21
2018-09-10,26.11,26.85,26.53,26.75
2018-09-11,25.9,27.4,27.09,26.04
2018-09-12,26.72,27.76,27.63,26.98
2018-09-13,27.551,29.02,27.76,28.31
2018-09-14,27.04,28.03,27.11,27.91
2018-09-17,25.33,26.185,25.73,26.125
2018-09-18,25.27,26.09,25.75,25.9
2018-09-19,26.12,27.11,26.92,26.12
2018-09-20,26.65,27.265,26.93,27.2
2018-09-21,26.25,27.3499,26.49,27.31
2018-09-24,24.38,25.53,24.51,25.06
2018-09-25,24.4,24.84,24.54,24.8
2018-09-26,24.66,25.86,25.2,24.72
2018-09-27,25.28,25.89,25.43,25.4
2018-09-28,25.3,26.23,26.09,25.3
2018-10-01,25.38,26.26,25.49,26.03
2018-10-02,24.54,25.4,24.9,25.1
2018-10-03,24.79,25.44,25.14,25.15
2018-10-04,24.0623,24.85,24.32,24.78
2018-10-05,23.37,24.25,23.62,24.2
2018-10-08,22.65,24.24,23.89,23.02
2018-10-09,23.34,24.1999,23.78,23.45
2018-10-10,22.7,23.55,22.71,23.45
2018-10-11,22.5,23.66,23.48,22.52
2018-10-12,23.74,24.9,24.45,24.54
2018-10-15,23.8,24.64,24.14,24.11
2018-10-16,24.08,24.7,24.63,24.5
2018-10-17,23.46,24.61,23.68,24.52
2018-10-18,23.22,24.1321,23.33,23.5
2018-10-19,22.95,23.9499,23.01,23.94
2018-10-22,23.3,24.11,23.54,23.86
2018-10-23,22.33,23.59,23.23,22.61
2018-10-24,21.69,23.2,21.76,23.18
2018-10-25,21.91,22.59,22.56,22.05
2018-10-26,21.58,22.93,22.58,21.67
2018-10-29,21.69,23.02,21.98,22.7
2018-10-30,21.7,22.47,22.38,22.07
2018-10-31,22.57,23.59,23.52,22.87
2018-11-01,23.2001,25.76,25.45,23.72
2018-11-02,23.84,25.6,24.05,25.54
2018-11-05,23.65,24.46,24.15,23.94
2018-11-06,23.45,24.47,23.6,24.1
2018-11-07,23.47,24.16,24.07,24.02
2018-11-08,22.38,23.87,22.4,23.85
2018-11-09,21.58,22.48,21.7,22.0
2018-11-12,21.46,22.38,22.01,21.92
2018-11-13,22.17,22.79,22.39,22.24
2018-11-14,22.5,23.08,22.76,22.75
2018-11-15,22.81,24.27,24.2,22.9
2018-11-16,22.6,24.0,23.05,23.68
2018-11-19,20.93,22.83,21.11,22.45
2018-11-20,19.2698,20.5,19.49,20.48
2018-11-21,19.92,20.69,20.34,20.0
2018-11-23,19.21,19.88,19.27,19.86
2018-11-26,19.75,20.7827,20.46,19.76
2018-11-27,20.11,21.0284,20.84,20.19
2018-11-28,20.61,21.41,21.38,21.32
2018-11-29,20.38,21.15,20.97,21.05
2018-11-30,20.56,21.26,21.23,21.0
2018-12-03,21.77,22.49,22.01,22.36
2018-12-04,21.39,22.26,21.45,21.92
2018-12-06,20.11,21.49,21.23,20.45
2018-12-07,20.92,21.755,20.93,21.07
2018-12-10,20.12,21.19,20.51,20.75
2018-12-11,20.82,21.34,20.91,20.95
2018-12-12,21.27,22.315,21.89,21.3
2018-12-13,22.0,23.35,22.71,22.0
2018-12-14,22.01,22.94,22.17,22.04
2018-12-17,21.17,22.26,21.35,22.04
2018-12-18,20.91,21.8369,21.04,21.47
2018-12-19,20.0,21.485,20.17,20.95
2018-12-20,19.64,20.21,19.91,20.09
2018-12-21,19.52,21.99,21.08,20.09
2018-12-24,19.26,21.51,19.75,21.49
2018-12-26,19.75,21.13,21.1,20.32
2018-12-27,20.5,22.06,21.7,20.5
2018-12-28,21.15,22.0,21.71,21.78
2018-12-31,20.77,22.48,20.93,22.04
2019-01-02,20.18,21.48,21.27,20.31
2019-01-03,20.25,21.14,20.35,20.89
2019-01-04,20.7501,22.68,22.27,20.98
2019-01-07,22.26,22.85,22.76,22.43
2019-01-08,22.435,23.18,22.95,22.99
2019-01-09,23.22,24.1201,23.69,23.24
2019-01-10,22.83,23.55,23.4,23.0
2019-01-11,22.69,23.75,22.88,23.19
2019-01-14,21.53,22.3,22.04,22.25
2019-01-15,22.12,22.7402,22.25,22.25
2019-01-16,22.28,22.68,22.33,22.37
2019-01-17,22.02,22.485,22.14,22.05
2019-01-18,22.3,23.85,23.26,22.45
2019-01-22,21.5,22.91,21.68,22.88
2019-01-23,21.755,22.6,21.97,22.05
2019-01-24,21.5,22.26,22.1,21.98
2019-01-25,22.47,23.93,23.63,22.48
2019-01-28,23.06,24.1399,23.72,23.43
2019-01-29,23.31,23.87,23.52,23.74
2019-01-30,23.76,24.72,24.64,24.01
2019-01-31,24.47,25.45,24.85,24.5
2019-02-01,24.31,25.31,24.63,24.74
2019-02-04,24.16,24.54,24.29,24.5
2019-02-05,24.41,25.98,25.42,24.45
2019-02-06,24.96,25.715,25.11,25.47
2019-02-07,23.52,24.93,23.98,24.77
2019-02-08,23.6,24.28,23.99,23.65
2019-02-11,24.15,24.73,24.28,24.35
2019-02-12,24.57,25.35,24.68,24.67
2019-02-13,24.49,25.56,24.61,25.0
2019-02-14,23.885,24.62,24.33,24.54
2019-02-15,23.91,24.57,23.96,24.51
2019-02-19,23.65,24.77,24.64,23.66
2019-02-20,24.51,25.42,24.68,24.81
2019-02-21,24.01,24.88,24.27,24.82
2019-02-22,24.48,25.96,25.95,24.55
2019-02-25,26.04,27.38,26.19,27.11
2019-02-26,25.66,26.82,26.59,25.98
2019-02-27,25.87,26.9,25.97,26.42
2019-02-28,26.58,28.62,27.71,28.58
2019-03-01,27.97,29.39,28.73,28.03
2019-03-04,28.14,29.2,28.89,29.04
2019-03-05,28.7,29.7,29.35,28.88
2019-03-06,28.72,29.66,29.03,29.25
2019-03-07,27.6,28.645,27.84,28.5
2019-03-08,26.37,27.25,27.05,26.71
2019-03-11,27.16,27.89,27.62,27.46
2019-03-12,27.5299,28.43,28.11,27.95
2019-03-13,27.86,28.42,28.13,28.27
2019-03-14,27.385,27.9685,27.89,27.75
2019-03-15,27.78,28.71,27.93,28.16
2019-03-18,27.92,28.69,28.14,28.25
2019-03-19,28.01,28.67,28.31,28.3
2019-03-20,27.67,28.29,28.08,28.16
2019-03-21,27.87,28.82,28.76,27.97
2019-03-22,27.84,28.76,28.0,28.41
2019-03-25,27.47,28.55,28.39,27.69
2019-03-26,28.32,29.05,28.81,28.5
2019-03-27,28.81,29.71,29.16,28.81
2019-03-28,28.86,29.45,29.41,29.23
2019-03-29,29.69,30.53,30.15,29.77
2019-04-01,30.78,31.625,31.26,30.93
2019-04-02,30.1,31.2,30.29,31.14
2019-04-03,30.23,30.9288,30.31,30.71
2019-04-04,29.68,30.66,30.25,29.73
2019-04-05,30.37,31.57,31.24,30.5
2019-04-08,30.67,31.18,30.79,30.92
2019-04-09,30.39,31.32,30.9,30.75
2019-04-10,29.81,30.84,30.17,30.63
2019-04-11,29.55,30.35,30.2,29.81
2019-04-12,30.3199,31.19,30.57,30.63
2019-04-15,29.12,30.6627,29.66,30.4
2019-04-16,29.4,30.53,29.91,30.08
2019-04-17,29.21,30.64,29.85,29.97
2019-04-18,29.48,30.02,30.01,29.84
2019-04-22,29.08,29.74,29.65,29.66
2019-04-23,29.35,30.14,29.78,29.5
2019-04-24,29.34,29.9,29.66,29.7
2019-04-25,28.42,29.5,29.23,29.42
2019-04-26,28.255,29.28,29.13,29.03
2019-04-29,29.14,29.98,29.865,29.24
2019-04-30,30.01,30.8899,30.27,30.53
2019-05-01,30.18,31.0,30.2,30.34
2019-05-02,29.875,30.89,29.99,30.13
2019-05-03,30.05,30.88,30.05,30.26
2019-05-06,27.0,28.93,28.7,28.24
2019-05-07,26.78,28.5,27.13,28.295
2019-05-08,26.7,27.44,26.89,26.95
2019-05-09,25.81,27.77,27.51,26.39
2019-05-10,27.91,30.47,28.17,30.19
2019-05-13,26.82,28.45,28.18,26.93
2019-05-14,28.26,29.8,29.67,28.63
2019-05-15,29.45,30.76,30.44,29.62
2019-05-16,29.875,30.89,30.46,30.25
2019-05-17,29.15,30.015,29.31,29.58
2019-05-20,28.08,28.97,28.36,28.75
2019-05-21,28.49,29.275,29.05,28.67
2019-05-22,28.19,29.04,28.23,28.76
2019-05-23,26.24,27.63,26.7,27.5
2019-05-24,26.17,27.22,26.32,27.08
2019-05-28,26.22,26.77,26.27,26.45
2019-05-29,25.48,26.13,26.01,25.97
2019-05-30,26.03,26.63,26.35,26.03
2019-05-31,25.525,25.9,25.76,25.81
2019-06-03,25.5,26.5,25.76,25.81
2019-06-04,26.085,26.9,26.8,26.18
2019-06-05,25.67,26.99,26.19,26.95
2019-06-06,25.81,26.38,26.24,26.18
2019-06-07,26.35,27.16,26.8,26.36
2019-06-10,27.135,27.76,27.26,27.44
2019-06-11,27.61,28.46,28.0,27.87
2019-06-12,27.01,27.49,27.24,27.47
2019-06-13,27.26,27.87,27.54,27.33
2019-06-14,26.64,27.12,27.05,27.11
2019-06-17,26.82,27.495,27.33,27.1
2019-06-18,27.47,28.88,28.26,27.6
2019-06-19,27.89,28.88,28.66,28.26
2019-06-20,28.82,29.8,29.12,29.25
2019-06-21,28.85,29.55,29.06,28.97
2019-06-24,28.89,29.27,28.91,29.19
2019-06-25,28.07,28.715,28.5,28.69
2019-06-26,28.845,30.325,30.14,28.91
2019-06-27,30.17,30.68,30.29,30.25
2019-06-28,30.03,30.49,30.29,30.29
2019-07-01,30.895,31.995,31.19,31.36
2019-07-02,31.04,31.96,31.45,31.06
2019-07-03,30.82,31.54,31.5,31.4
2019-07-05,30.72,31.2,31.03,30.97
2019-07-08,30.23,30.665,30.57,30.4
2019-07-09,30.29,30.81,30.75,30.38
2019-07-10,30.165,31.1,30.71,30.99
2019-07-11,30.32,30.9727,30.51,30.79
2019-07-12,30.6,31.415,31.08,30.69
2019-07-15,31.0,31.67,31.03,31.36
2019-07-16,30.52,31.1,30.72,31.0
2019-07-17,30.6,31.08,30.71,30.84
2019-07-18,30.1644,30.6,30.58,30.5
2019-07-19,30.81,31.29,30.99,30.81
2019-07-22,30.48,30.95,30.66,30.91
2019-07-23,30.84,31.92,31.85,30.9
2019-07-24,31.6,32.33,32.2,31.74
2019-07-25,31.68,32.38,31.83,32.04
2019-07-26,31.52,32.005,31.55,31.93
2019-07-29,30.78,31.4538,31.39,31.45
2019-07-30,30.375,30.99,30.42,30.85
2019-07-31,29.35,30.5,29.91,30.49
2019-08-01,27.64,30.595,28.61,29.91
2019-08-02,27.65,28.34,28.01,28.18
2019-08-05,25.77,26.905,26.17,26.65
2019-08-06,26.285,27.01,26.48,26.91
2019-08-07,25.8399,26.77,26.57,26.12
2019-08-08,26.84,27.635,27.54,27.04
2019-08-09,26.825,27.409,27.1,27.31
2019-08-12,26.53,27.36,27.16,26.8
2019-08-13,28.15,30.98,30.66,28.64
2019-08-14,29.55,30.702,29.63,29.7
2019-08-15,30.08,30.79,30.16,30.16
2019-08-16,30.08,31.45,31.29,30.5
2019-08-19,31.41,32.28,31.58,31.92
2019-08-20,31.37,31.82,31.42,31.49
2019-08-21,30.705,31.8,30.74,31.67
2019-08-22,29.21,30.71,29.49,30.57
2019-08-23,28.55,29.67,28.77,28.9
2019-08-26,29.08,29.82,29.74,29.18
2019-08-27,29.7332,30.3,29.92,30.0
2019-08-28,29.63,30.49,30.3,29.7
2019-08-29,30.635,31.24,30.74,30.69
2019-08-30,30.36,31.43,30.5,30.91
2019-09-03,29.4,30.2,29.45,30.1
2019-09-04,29.84,30.29,29.88,30.27
2019-09-05,30.25,31.08,30.84,30.32
2019-09-06,30.76,31.3967,31.08,30.89
2019-09-09,30.89,31.57,31.48,31.12
2019-09-10,30.13,31.2397,30.87,31.2
2019-09-11,30.64,31.72,31.07,31.2
2019-09-12,31.2,31.99,31.52,31.54
2019-09-13,31.13,31.79,31.23,31.66
2019-09-16,30.735,31.03,30.85,30.74
2019-09-17,30.52,31.3,31.17,30.74
2019-09-18,30.66,31.18,31.04,31.1
2019-09-19,30.91,32.0,31.05,31.0
2019-09-20,30.5,31.69,30.94,31.45
2019-09-23,30.285,31.47,30.33,31.36
2019-09-24,29.29,30.48,29.41,30.48
2019-09-25,29.0,30.06,29.99,29.15
2019-09-26,29.105,30.25,29.58,29.98
2019-09-27,27.47,30.01,27.82,29.71
2019-09-30,27.95,28.6368,28.21,28.47
2019-10-01,27.97,28.57,28.19,28.22
2019-10-02,27.53,28.22,28.06,28.0
2019-10-03,27.82,28.97,28.8,28.11
2019-10-04,28.65,29.19,28.99,28.88
2019-10-07,28.6,29.4,28.85,28.84
2019-10-08,27.72,28.61,27.73,28.19
2019-10-09,27.96,28.6,28.38,28.28
2019-10-10,28.2,28.95,28.58,28.32
2019-10-11,29.45,30.32,29.71,29.45
2019-10-14,29.5,29.91,29.83,29.5
2019-10-15,29.96,31.075,31.0,29.99
2019-10-16,30.83,31.45,31.24,30.83
2019-10-17,30.6105,31.44,30.74,31.29
2019-10-18,29.74,30.84,29.93,30.77
2019-10-21,30.26,31.08,31.03,30.31
2019-10-22,30.12,31.24,30.27,31.0
2019-10-23,30.25,30.899,30.76,30.31
2019-10-24,30.59,31.17,30.72,31.0
2019-10-25,30.25,31.25,31.16,30.58
2019-10-28,31.12,31.95,31.73,31.45
2019-10-29,31.13,31.8,31.78,31.41
2019-10-30,31.4,31.89,31.69,31.6
2019-10-31,30.9,31.8,31.15,31.8
2019-11-01,31.17,31.83,31.49,31.64
2019-11-04,32.02,33.29,33.12,32.04
2019-11-05,32.74,33.79,32.98,33.26
2019-11-06,32.61,33.15,32.87,33.14
2019-11-07,33.06,33.7605,33.28,33.64
2019-11-08,32.96,33.45,33.23,33.23
2019-11-11,32.42,33.55,33.21,32.77
2019-11-12,33.25,34.09,33.57,33.48
2019-11-13,33.0,33.6,33.37,33.4
2019-11-14,32.87,33.59,33.57,33.36
2019-11-15,32.9304,35.43,33.55,35.05
2019-11-18,32.73,34.26,32.8,33.95
2019-11-19,32.16,33.44,32.44,33.09
2019-11-20,31.425,32.32,31.68,31.99
2019-11-21,31.51,32.17,32.17,31.64
2019-11-22,31.78,32.3,31.95,32.23
2019-11-25,32.26,32.755,32.64,32.71
2019-11-26,32.3,32.95,32.86,32.58
2019-11-27,32.61,33.18,33.15,32.93
2019-11-29,32.5,32.96,32.65,32.72
2019-12-02,31.72,32.69,32.29,32.69
2019-12-03,30.84,32.1,32.03,31.54
2019-12-04,31.53,32.485,31.56,32.17
2019-12-05,31.71,32.65,32.54,31.8
2019-12-06,32.78,33.18,32.93,32.97
2019-12-09,32.95,33.655,33.25,33.0
2019-12-10,33.165,33.72,33.26,33.27
2019-12-11,32.7307,33.35,33.24,33.31
2019-12-12,33.08,34.195,33.82,33.19
2019-12-13,33.93,34.74,34.0,34.0
2019-12-16,34.41,34.92,34.64,34.46
2019-12-17,34.51,34.84,34.69,34.76
2019-12-18,34.33,34.75,34.44,34.7
2019-12-19,34.385,34.88,34.78,34.45
2019-12-20,34.87,35.52,35.31,34.94
2019-12-23,35.96,36.8,36.26,36.02
2019-12-24,36.06,36.56,36.28,36.56
2019-12-26,36.0,36.37,36.24,36.17
2019-12-27,35.83,36.42,35.93,36.36
2019-12-30,35.345,36.0,35.4,36.0
2019-12-31,35.2,35.51,35.23,35.3
2020-01-02,35.9,37.76,37.73,35.96
2020-01-03,36.68,38.54,37.99,36.78
2020-01-06,37.38,38.08,38.0,37.46
2020-01-07,37.64,38.61,38.32,38.08
2020-01-08,37.98,38.85,38.3,38.02
2020-01-09,38.7,39.1,38.9,38.84
2020-01-10,38.73,39.5,39.11,39.39
2020-01-13,39.63,40.985,40.31,39.68
2020-01-14,39.59,40.46,40.29,40.03
2020-01-15,39.55,40.4549,39.78,40.02
2020-01-16,39.405,40.27,39.56,40.18
2020-01-17,39.71,40.385,40.35,39.83
2020-01-21,39.05,40.16,40.06,39.275
2020-01-22,40.5,42.0,40.97,40.53
2020-01-23,39.94,40.83,40.77,39.99
2020-01-24,39.19,40.97,39.55,40.76
2020-01-27,36.35,38.84,37.65,36.99
2020-01-28,37.6835,39.115,38.91,38.38
2020-01-29,38.79,39.52,39.14,39.19
2020-01-30,37.54,38.69,38.49,38.2
2020-01-31,37.57,38.45,37.69,38.05
2020-02-03,38.0,39.5373,39.2,38.0
2020-02-04,40.065,41.28,40.35,40.31
2020-02-05,39.45,40.96,39.94,40.86
2020-02-06,40.06,40.97,40.38,40.41
2020-02-07,39.78,40.37,39.99,39.82
2020-02-10,39.56,40.16,40.1,40.05
2020-02-11,40.5,41.8562,40.78,40.55
2020-02-12,41.23,42.34,41.64,41.57
2020-02-13,41.06,42.41,42.01,41.15
2020-02-14,41.59,42.575,41.97,42.13
2020-02-18,41.66,42.79,42.32,42.42
2020-02-19,42.53,43.09,42.95,42.83
2020-02-20,41.33,43.0,41.48,42.99
2020-02-21,40.16,41.48,40.42,41.47
2020-02-24,38.38,39.58,39.37,38.5
2020-02-25,38.4,40.35,38.84,40.0
2020-02-26,39.25,40.19,39.92,39.39
2020-02-27,38.02,39.68,38.4,39.23
2020-02-28,36.815,38.73,38.51,37.01
2020-03-02,40.2501,44.12,43.3,41.38
2020-03-03,40.11,44.05,41.46,43.56
2020-03-04,42.4101,44.76,43.91,42.49
2020-03-05,42.55,45.34,44.62,42.55
